Specific absorption of Dinoflagellates (m^2/mg)

Species:   Gymnodinium sanquineum
Source:    Röttgers
Reference: 
Modifications by Maire:
- Fit with a sum of Lorentzian functions ==> didn't do this 
- Normalisation to a*(440) = 0.0315 m^2/mg 
- Rescaled with factor 1.6 according to Gege (2012)

 nm    m^2/mg
350	0.05883027
352	0.056397521
354	0.054062781
356	0.052882318
358	0.05245406
360	0.051642715
362	0.050929691
364	0.050579754
366	0.050340666
368	0.04997999
370	0.049520684
372	0.049006945
374	0.048564524
376	0.048057595
378	0.047442073
380	0.046845461
382	0.046163213
384	0.04539739
386	0.044618573
388	0.04389446
390	0.043346482
392	0.042942347
394	0.042658398
396	0.042559611
398	0.042695166
400	0.043046892
402	0.043510634
404	0.044075264
406	0.044709812
408	0.045357666
410	0.045964939
412	0.046538167
414	0.047042996
416	0.047424059
418	0.047759016
420	0.04807273
422	0.048387144
424	0.048675061
426	0.048990837
428	0.049363029
430	0.049759111
432	0.050133326
434	0.050425524
436	0.050583411
438	0.050566564
440	0.0504
442	0.050144142
444	0.049811558
446	0.049471076
448	0.049140554
450	0.048884463
452	0.04867973
454	0.048580905
456	0.048557482
458	0.048560089
460	0.048530013
462	0.04847741
464	0.048380063
466	0.048173345
468	0.047833797
470	0.047343403
472	0.046800289
474	0.046188503
476	0.045512713
478	0.044795876
480	0.044118724
482	0.043462272
484	0.042876787
486	0.042375227
488	0.041925569
490	0.041527776
492	0.041119983
494	0.040685578
496	0.040190437
498	0.039623628
500	0.038957527
502	0.038249482
504	0.037514864
506	0.036755267
508	0.035991585
510	0.035233622
512	0.034499471
514	0.033822553
516	0.033186216
518	0.032560734
520	0.031933968
522	0.03131584
524	0.030681759
526	0.030048068
528	0.029445036
530	0.028821577
532	0.028153102
534	0.027440195
536	0.02667873
538	0.025889913
540	0.025071176
542	0.024216489
544	0.02335721
546	0.02247482
548	0.021526325
550	0.020549662
552	0.019581636
554	0.018634659
556	0.017709081
558	0.016820543
560	0.015979201
562	0.015173498
564	0.014451681
566	0.013828922
568	0.013320631
570	0.012921242
572	0.012593755
574	0.012373382
576	0.012243274
578	0.012192577
580	0.012199814
582	0.012244713
584	0.012310195
586	0.012382019
588	0.012446373
590	0.012444038
592	0.012371553
594	0.012224209
596	0.012035117
598	0.011828633
600	0.011635806
602	0.011482432
604	0.011427844
606	0.011502469
608	0.011725139
610	0.012075348
612	0.012490455
614	0.012926495
616	0.013362301
618	0.013788614
620	0.014145398
622	0.014459034
624	0.014744968
626	0.015024092
628	0.015267772
630	0.015462389
632	0.015621405
634	0.015752913
636	0.015852323
638	0.015895588
640	0.01589909
642	0.015919789
644	0.015956712
646	0.016066043
648	0.016296572
650	0.016691681
652	0.01729837
654	0.018238421
656	0.019660502
658	0.021621766
660	0.024033661
662	0.026765883
664	0.029696653
666	0.032502528
668	0.035002821
670	0.037000698
672	0.038483046
674	0.039138565
676	0.038946321
678	0.037884177
680	0.035947658
682	0.033386824
684	0.030089894
686	0.026315798
688	0.022340977
690	0.018464281
692	0.014899821
694	0.011806184
696	0.009270251
698	0.007262803
700	0.005702366
702	0.00443296
704	0.003455285
706	0.002749692
708	0.002229767
710	0.00179291
712	0.00143134
714	0.00119124
716	0.000979776
718	0.00079154
720	0.000668086
722	0.000543659
724	0.000312897
726	2.92198E-05
	
	
	
	
	
	
	
	
	
	
	
	
	
	
	
